00100111010001101110010110111001110001000100101111100001010111010110000110010000011111111110110111101100101101100010001010110001100011010101010111011110101101110000100010101111011101000101010001000011010111001001000101010011100010100101001000111110101011001110000111001100110011111110111010101011101011011010111001101101010110111001011100101011110000110100110111110001001101111101000000010011111110100100100011111011110011001111100100010111000000101111111100101101111100100111011101011100010011011000011000011101
10000111010011100001001100010011000000110101000000100110111001111101100100100011001001110100000000000101011011100010110001100010111010001010000001111100110111101111000001110100100110100100100100111001011100001010101011110001000111011000110011101111110011000100001111111111001110100110100011010110001111110001011101100001011001000010110110111100000101001001110010000110110000000110110111100110100111100101111111010011000100010111000000010110001001111110010010000010100010000001010110011001111111011000101111110001
00100011011001011111001011101000011001010100101100110110110111110011010111000101011111100010001001011100111010001101101100110011111001110111001001001000110100111011110000111100011100111100011011010010111010101011000111011110001111110000010010101111100001010101000010101111101101000100011010011011000110011000100000100100000101111101001111101001100011001111110001110111000111100010110100000111100100100101111010110010101011111100011000010010010111110111011000110110110111000111111100110110110010010001000111111101
01100001011010000111111000011010000011101011011001111010111010010111111001100110010110100011000100110010100110000111011011101101001100100110111100100111100101000110000101110110010100110011101110110001111111111011011010100111101001100101111011101010111010100001100101001111001010100010110001000111111111110000001100100111100111000110010110101110100010010110000101111101001101111110010000110100011000000001001110100010011010110110101000111010111111011101001101100010010100001110111001010110010011111010001001101110
10011000111000010011010111011101111001101101011011111010111011010101101101111100110001110111000000100011000100101110111011100000100001011001101000010011101100001001011011110000110001011000111101101111001111010101101101101011101011110111011001011000000111011010110111101011100100101101111101110000001001010111010000111010011000001001101001010000111101001101110000011111110101000001000011010100001101000011011100101100100101011110011001111010000000010000001011101001101110000011110110110111111001110110000010000010
11101001000011011001110001010001010001101000110100001001011101110000011101110010111000010100000101101011101100101011000010101100001100100110011011111011001101110111100001001111110000000001001000010000100111001101001110100011101011001101011111101100110011001110100111000100000000001010101111110001000010010010110100011100111000110001101110001001010000110000000000100000001000101110101001110010111101001110000110111101000111000011100010011001101110000111011100010100011100100010011010101100010001001001101111101110
01010001111111010001100111111111001111100101111010111100110111010011101100011101100001111100100010010011101101111111011110101010110111111100000001000000011011111001111000100101000101101101010111111010011111111011001101110110000111100101001110010111000010001111100110011100110011001100111110100111011101011111100100011000101100111000011001001101111011111000010001111110010000011100111110101100100100011011110000100011100000000111010001001011010100111010001010100100100100000001111100011101111010010000111000000010
10110010011100111001010011101101101001110011100010011001010010110101000101000010000010110101001100011001111000111110001100111010110111101011000101000101100100100111010010000001110001011100100011110111001110100010100001001001101000011010010101100111010011001001001100101001011111000011111010011001001111000010111101101101000011101110101100111100101010001011101110011011111001001011011001101001001001000001101010011011000001101111000001101110001001000011101111101011110010110110100100001110000011101111000101000110
00010011100111011101100001101111000011101011000100100010111001101010101000110010011011010101011110101000000001001110110110111111011101101110011101001101111111111001100011011100110001110010111011010010001010010001001011101110000011111111010011100010011010100110000011111011000101000011111111001110101100101010101100010100011100010011011110010110101001110111100000101001100010010110000001010111101101011110111110010000101110001111001000010011101111100101100101110110010100001101101001111001011001110011010000111111
11111010111011011100010111111101111110101010101100110110001010010011101101111011100101100011001100011010000001001011110101101001110011100100111101100010010110101011010011110110100100111110101110110111010010000011101001110000111001010101010111111010111111100011000011111000010011100100101010101101011010001100101010110100000011101100011001001000101010000111110101011101110001010111011011101011111001100011100010011010010101001110110011110110110111000111100101101010110100110111100010110010100101011111011000001010
